wage <- c(86818,112316,66252,52927,76868,118042,96676,48283,61815,42743,29241,19676,38227,12390,55079,47446,29733,32955,45425,47873,52743,77196,94174,47412,76054,69143,86279,47287,51656,79874,37898,66494,22822,57992,69068,69965,85884,66831,90751,94943,22728)
exper <- c(15,29,5,13,17,25,21,17,25,4,12,7,11,6,16,12,6,3,17,27,26,27,27,15,21,4,29,11,30,8,6,13,14,23,13,17,19,24,29,24,5)
plant <- c("A","A","A","A","A","A","B","B","B","B","B","B","B","B","C","C","C","C","C","C","C","C","D","D","D","D","D","D","D","E","E","E","E","E","E","F","F","F","F","G","G")
wagexp <- data.frame(wage,exper,plant)
